1 3
White Black
10
R 78 66 19 2
T 18 96 8
T 2 78 1
R 87 78 66 2
R 33 45 55 11
R 50 36 8 3
T 59 72 40
R 19 15 67 6
T 51 54 17
R 98 54 16 28
123 60
33 64
196 177
99 145
88 162
3 3
White Black
10
R 45 63 8 23
R 42 18 19 21
R 45 42 28 30
R 18 48 19 12
R 3 63 22 4
T 75 72 28
T 84 72 22
T 42 0 22
T 78 57 29
R 24 36 25 6
108 44
24 164
177 40
122 82
115 37
3 2
White Black
10
T 75 44 27
R 12 36 6 26
T 21 12 4
T 3 38 22
T 45 40 17
T 75 32 30
T 33 80 1
R 6 42 19 49
T 15 92 24
R 72 66 5 16
172 120
195 82
61 99
140 169
132 155
1 2
White Black
10
R 8 12 24 32
T 73 86 32
R 9 44 32 1
R 65 58 31 40
T 94 40 97
R 90 20 43 41
T 2 70 36
R 90 82 28 8
T 12 14 78
R 79 58 17 39
187 13
66 132
125 182
125 54
93 179
2 3
White Black
10
T 38 12 16
T 18 12 50
T 28 51 26
T 62 75 24
R 94 66 50 33
R 14 48 7 31
T 58 21 10
R 40 75 39 1
T 76 15 29
R 96 93 9 23
110 146
131 55
58 137
158 109
33 106
